Cellulose	Hemicellulose	lignin	HBI	CrI	Main	Main+FAE	Main+GH61	Main+Man	Main+Glu	Main+Xyl	Main+CDH	Main+Pec	Main+Gala	Main+BG	Main+BXL	Main+FAE+SDR	Main+SDR+GH61	Main+FAE+GH61	Main+SDR+FAE+GH61	Main+SDR+FAE+BG	Main+Xyl+Man	Main+Gala+CDH	Main+CDH+BG	Main+CDH+Pec	Main+CDH+BXL	Main+BG+Pec	Main+Xyl+BG	Main+BG+Gala	Main+BG+BXL	Main+CDH+Xyl	Main+Xyl+BXL	Main+BG+Man	Main+Gala+Pec	Main+Gala+Man
0.303 	0.105 	0.053 	2.972 	3.129 	0.213 	0.243 	0.232 	0.218 	0.229 	0.278 	0.262 	0.242 	0.251 	0.307 	0.251 	0.277 	0.269 	0.280 	0.291 	0.327 	0.296 	0.257 	0.314 	0.268 	0.256 	0.317 	0.332 	0.319 	0.320 	0.290 	0.291 	0.324 	0.256 	0.225 
0.308 	0.123 	0.049 	5.453 	4.021 	0.151 	0.161 	0.167 	0.155 	0.181 	0.182 	0.170 	0.171 	0.167 	0.309 	0.167 	0.184 	0.179 	0.179 	0.185 	0.337 	0.194 	0.171 	0.316 	0.174 	0.171 	0.320 	0.334 	0.321 	0.322 	0.190 	0.191 	0.326 	0.170 	0.160 
0.376 	0.157 	0.050 	4.078 	3.671 	0.240 	0.252 	0.263 	0.267 	0.271 	0.281 	0.257 	0.241 	0.251 	0.389 	0.251 	0.287 	0.281 	0.280 	0.290 	0.424 	0.299 	0.257 	0.398 	0.262 	0.256 	0.402 	0.420 	0.405 	0.406 	0.293 	0.294 	0.411 	0.256 	0.276 
0.301 	0.116 	0.059 	4.925 	4.739 	0.132 	0.142 	0.150 	0.145 	0.151 	0.162 	0.153 	0.147 	0.148 	0.312 	0.148 	0.162 	0.160 	0.158 	0.164 	0.340 	0.173 	0.151 	0.319 	0.156 	0.151 	0.323 	0.337 	0.324 	0.325 	0.169 	0.170 	0.329 	0.151 	0.150 
0.384 	0.146 	0.055 	3.871 	2.825 	0.205 	0.221 	0.232 	0.231 	0.241 	0.252 	0.239 	0.241 	0.233 	0.378 	0.233 	0.252 	0.249 	0.246 	0.255 	0.412 	0.268 	0.238 	0.387 	0.244 	0.238 	0.391 	0.408 	0.393 	0.394 	0.263 	0.264 	0.399 	0.238 	0.238 
0.361 	0.135 	0.055 	3.533 	2.580 	0.204 	0.220 	0.231 	0.228 	0.233 	0.251 	0.231 	0.240 	0.239 	0.365 	0.239 	0.251 	0.248 	0.245 	0.253 	0.398 	0.267 	0.244 	0.373 	0.236 	0.244 	0.377 	0.394 	0.380 	0.381 	0.262 	0.263 	0.385 	0.244 	0.235 
0.274 	0.105 	0.057 	4.882 	4.003 	0.148 	0.160 	0.168 	0.165 	0.169 	0.187 	0.178 	0.169 	0.168 	0.271 	0.168 	0.183 	0.180 	0.178 	0.184 	0.295 	0.199 	0.172 	0.277 	0.182 	0.172 	0.280 	0.293 	0.282 	0.283 	0.195 	0.196 	0.286 	0.171 	0.170 
0.403 	0.155 	0.048 	4.098 	2.954 	0.206 	0.222 	0.234 	0.225 	0.238 	0.256 	0.231 	0.233 	0.241 	0.368 	0.241 	0.254 	0.250 	0.247 	0.256 	0.401 	0.273 	0.247 	0.376 	0.236 	0.246 	0.381 	0.397 	0.383 	0.384 	0.267 	0.268 	0.389 	0.246 	0.232 
0.235 	0.114 	0.074 	7.332 	6.525 	0.115 	0.131 	0.138 	0.141 	0.149 	0.171 	0.167 	0.168 	0.151 	0.280 	0.151 	0.149 	0.147 	0.145 	0.151 	0.305 	0.182 	0.154 	0.286 	0.171 	0.154 	0.290 	0.302 	0.291 	0.292 	0.178 	0.179 	0.296 	0.154 	0.146 
0.289 	0.112 	0.059 	4.743 	5.176 	0.123 	0.133 	0.139 	0.137 	0.145 	0.178 	0.162 	0.165 	0.161 	0.287 	0.161 	0.151 	0.149 	0.147 	0.153 	0.313 	0.190 	0.165 	0.294 	0.165 	0.164 	0.297 	0.310 	0.298 	0.299 	0.186 	0.186 	0.303 	0.164 	0.141 
0.350 	0.137 	0.050 	4.266 	3.036 	0.192 	0.207 	0.217 	0.198 	0.221 	0.244 	0.221 	0.219 	0.188 	0.387 	0.188 	0.236 	0.233 	0.230 	0.238 	0.422 	0.260 	0.192 	0.396 	0.226 	0.192 	0.400 	0.418 	0.402 	0.404 	0.254 	0.255 	0.409 	0.192 	0.204 
0.396 	0.143 	0.058 	5.098 	2.721 	0.262 	0.283 	0.298 	0.291 	0.281 	0.312 	0.309 	0.291 	0.287 	0.381 	0.287 	0.323 	0.318 	0.315 	0.326 	0.415 	0.332 	0.294 	0.390 	0.315 	0.293 	0.394 	0.411 	0.396 	0.397 	0.325 	0.327 	0.402 	0.293 	0.300 
0.292 	0.117 	0.045 	3.781 	2.982 	0.206 	0.222 	0.234 	0.228 	0.247 	0.291 	0.241 	0.255 	0.241 	0.308 	0.241 	0.254 	0.250 	0.247 	0.256 	0.336 	0.310 	0.247 	0.315 	0.246 	0.246 	0.318 	0.333 	0.320 	0.321 	0.304 	0.305 	0.325 	0.246 	0.235 
0.394 	0.132 	0.031 	3.239 	2.197 	0.296 	0.320 	0.336 	0.258 	0.261 	0.269 	0.253 	0.257 	0.251 	0.361 	0.251 	0.364 	0.359 	0.355 	0.368 	0.393 	0.286 	0.257 	0.369 	0.258 	0.256 	0.373 	0.390 	0.375 	0.377 	0.281 	0.282 	0.381 	0.256 	0.266 
0.380 	0.126 	0.051 	3.396 	2.746 	0.230 	0.248 	0.261 	0.265 	0.271 	0.291 	0.266 	0.278 	0.269 	0.322 	0.269 	0.283 	0.279 	0.276 	0.286 	0.351 	0.310 	0.275 	0.329 	0.272 	0.275 	0.333 	0.348 	0.335 	0.336 	0.304 	0.305 	0.340 	0.274 	0.273 
0.338 	0.113 	0.058 	3.477 	3.533 	0.185 	0.199 	0.209 	0.211 	0.234 	0.251 	0.228 	0.219 	0.226 	0.301 	0.226 	0.227 	0.224 	0.221 	0.229 	0.328 	0.267 	0.231 	0.308 	0.233 	0.231 	0.311 	0.325 	0.313 	0.314 	0.262 	0.263 	0.318 	0.231 	0.218 
0.292 	0.124 	0.053 	4.209 	3.129 	0.185 	0.200 	0.210 	0.225 	0.234 	0.251 	0.243 	0.223 	0.237 	0.291 	0.237 	0.228 	0.225 	0.222 	0.230 	0.317 	0.267 	0.242 	0.298 	0.248 	0.242 	0.301 	0.314 	0.303 	0.304 	0.262 	0.263 	0.307 	0.242 	0.232 
0.368 	0.151 	0.055 	5.085 	4.047 	0.145 	0.157 	0.165 	0.337 	0.327 	0.345 	0.321 	0.331 	0.328 	0.369 	0.328 	0.179 	0.176 	0.174 	0.180 	0.402 	0.367 	0.336 	0.377 	0.328 	0.335 	0.382 	0.399 	0.384 	0.385 	0.360 	0.361 	0.390 	0.335 	0.348 
0.278 	0.108 	0.058 	4.091 	4.909 	0.146 	0.158 	0.166 	0.218 	0.210 	0.234 	0.224 	0.231 	0.230 	0.271 	0.230 	0.180 	0.178 	0.175 	0.182 	0.295 	0.249 	0.235 	0.277 	0.229 	0.235 	0.280 	0.293 	0.282 	0.283 	0.244 	0.245 	0.286 	0.235 	0.225 
